y
29
y
35
y
37
y
39
y
45
y
45
y
45
y
45
y
47
y
47
y
49
y
49
y
49
y
51
y
53
y
55
y
55
y
55
y
55
y
55
y
57
y
57
y
57
y
57
y
57
y
57
y
57
y
57
y
57
y
57
y
57
y
57
y
57
y
57
y
57
y
57
y
57
y
57
y
57
y
57
y
57
y
57
y
57
y
57
y
57
y
57
y
57
y
57
y
57
y
57
y
57
y
57
y
57
y
57
y
57
y
57
y
57
y
57
y
57
y
57
y
57
y
57
y
57
y
57
y
57
y
57
y
57
y
57
y
57
y
57
y
57
y
57
y
57
y
57
y
57
y
57
y
57
y
57
y
57
y
57
y
57
y
57
y
57
y
57
y
57
y
57
y
57
l
100
l
100
l
100
l
98
l
96
l
93
l
89
l
89
l
89
l
89
l
89
l
89
l
89
l
89
l
88
l
88
l
88
l
88
l
88
l
88
l
88
l
88
l
88
l
88
l
88
l
88
l
88
l
88
l
88
l
88
l
88
l
88
l
88
l
88
l
88
l
88
l
88
l
89
l
89
l
89
l
89
l
89
l
89
l
89
l
89
l
89
l
89
c
2
c
3
c
4
c
4
c
5
c
5
c
5
c
5
c
5
c
5
c
6
c
6
c
6
c
6
c
6
c
6
c
7
c
7
c
7
c
7
c
7
c
7
c
8
c
8
c
8
c
9
c
9
c
9
c
9
c
9
c
9
c
9
c
9
c
9
c
9
c
9
c
10
c
10
c
10
c
10
c
10
.1
.1
-152
64
-151
64
-151
64
-154
66
-162
68
-171
69
-179
70
-184
69
-190
62
-195
52
-196
41
-197
30
-196
23
-190
16
-184
13
-167
15
-151
24
-143
29
-142
31
-142
31
-142
31
.0
.0
.1
.1
-166
37
-166
37
-164
37
-159
38
-151
38
-147
38
-146
38
-146
38
-146
38
-146
38
-146
36
-146
23
-148
18
-148
16
-148
15
-148
15
-148
15
-148
16
-148
19
.0
.0
.1
.1
-118
37
-118
37
-119
30
-119
22
-120
17
-120
14
-120
14
-120
16
.0
.0
.1
.1
-118
58
-118
58
-119
58
-119
58
.0
.0
.1
.1
-101
40
-99
40
-94
40
-87
41
-82
41
-82
41
-82
41
-81
41
-81
41
-81
41
.0
.0
.1
.1
-89
70
-89
67
-89
61
-89
56
-89
48
-90
41
-90
34
-90
32
-90
31
-90
27
-90
24
-90
21
-90
20
-90
18
-89
17
-87
15
-87
15
-86
14
-85
13
-84
13
-84
13
-83
13
-82
13
-81
13
-80
13
-79
18
-78
21
-78
21
.0
.0
.1
.1
-30
75
-30
75
-30
72
-30
65
-30
56
-30
45
-30
36
-30
29
-31
20
-31
18
-31
18
-31
18
-31
18
-31
19
.0
.0
.1
.1
-27
48
-27
48
-23
48
-15
48
-7
50
-2
51
-2
51
-2
51
-2
51
.0
.0
.1
.1
5
75
4
65
3
51
2
43
2
32
2
25
2
23
2
22
3
20
3
20
3
20
.0
.0
.1
.1
27
47
27
43
27
38
27
31
27
24
30
20
33
19
34
19
43
23
50
29
54
35
57
41
57
42
57
42
57
42
57
41
57
35
56
24
56
17
56
14
56
14
56
14
57
15
.0
.0
.1
.1
87
83
87
82
87
76
87
66
85
51
85
40
83
28
81
20
81
19
81
19
81
19
81
19
81
21
82
29
83
38
85
44
87
48
88
50
91
50
96
50
99
50
101
47
103
45
103
42
103
37
102
34
99
30
94
27
89
25
85
24
82
24
81
24
81
24
81
24
81
24
81
24
.0
.0
l
23
l
21
l
5
c
13
c
13
c
16
c
18
c
21
c
24
c
25
c
28
c
30
c
32
c
35
c
37
c
39
c
40
c
41
c
42
c
44
c
47
c
48
c
51
c
57
c
59
c
59
c
59
c
60
c
63
c
66
c
70
c
72
c
72
c
72
c
72
c
72
c
72
c
73
c
74
c
74
c
75
c
77
c
77
c
78
c
78
c
79
c
80
c
80
c
80
c
81
c
81
c
81
c
81
c
81
c
81
c
81
c
81
c
81
c
81
c
81
c
81
c
81
c
81
c
81
c
81
c
81
c
81
c
81
c
81
c
81
c
81
c
81
c
81
c
81
c
81
c
81
c
81
c
81
c
81
c
81
c
81
c
81
c
81
c
81
c
81
c
81
c
82
c
83
c
83
c
83
c
83
c
83
c
83
c
82
c
82
c
82
c
82
c
84
c
85
c
86
c
87
c
88
c
91
c
93
c
95
c
95
c
97
c
97
c
98
c
98
c
98
c
98
c
98
c
98
c
98
c
98
c
98
c
98
c
98
c
98
c
98
c
98
c
98
c
98
c
98
.1
.1
-150
-60
-150
-60
-150
-60
.0
.0
c
12
c
12
c
12
c
12
c
12
c
12
c
12
c
11
c
11
c
11
l
43
l
46
l
57
l
71
l
80
l
89
l
96
l
100
l
66
l
71
l
77
l
79
l
84
l
86
l
88
l
89
l
93
l
93
l
95
l
95
l
95
l
96
l
96
l
100
l
100
l
100
l
102
l
102
b
63
b
63
b
63
b
61
b
56
b
46
b
40
b
35
b
30
b
28
b
23
b
21
b
16
b
14
b
11
b
9
b
7
b
7
b
5
b
5
b
2
b
2
b
7
b
7
b
9
b
11
b
12
b
12
b
12
b
12
b
11
b
11
b
7
b
7
b
7
b
7
b
5
b
4
b
4
b
2
b
0
b
0
b
0
.1
.1
-161
-39
-161
-39
-161
-39
-161
-39
-161
-39
-160
-39
-160
-39
-160
-39
-160
-39
-160
-39
-160
-39
-160
-39
-160
-39
-159
-39
-158
-39
-157
-39
-156
-39
-155
-39
-154
-39
-153
-39
-152
-39
-150
-39
-149
-39
-148
-39
-146
-39
-146
-39
-145
-39
-143
-39
-143
-39
-141
-40
-141
-40
-141
-40
-141
-40
-141
-40
-141
-40
-141
-39
-141
-37
-140
-37
-139
-36
-139
-35
-137
-35
-136
-33
-135
-32
-133
-32
-133
-31
-133
-31
-133
-31
-132
-31
-132
-31
-132
-31
-131
-31
-131
-31
-131
-31
-131
-31
-131
-31
-131
-32
-131
-32
-131
-34
-131
-34
-131
-35
-131
-35
-131
-35
-131
-35
-131
-36
-131
-36
-131
-37
-131
-37
-131
-38
-131
-38
-131
-38
-131
-39
-131
-39
-131
-40
-131
-41
-131
-42
-131
-42
-131
-43
-131
-43
-131
-44
-131
-44
-131
-45
-131
-46
-130
-46
-129
-47
-129
-47
-129
-48
-128
-49
-128
-50
-128
-51
-128
-52
-128
-53
-128
-53
-128
-53
-129
-54
-129
-55
-130
-55
-130
-56
-130
-56
-131
-57
-132
-57
-132
-57
-132
-58
-133
-58
-133
-58
-133
-59
-134
-59
-134
-59
-135
-59
-135
-59
-136
-60
-136
-60
-137
-60
-138
-60
-138
-60
-138
-60
-138
-60
-139
-60
-139
-61
-140
-61
-140
-61
-141
-61
-141
-61
-142
-61
-142
-61
-142
-61
-143
-62
-143
-62
-143
-62
-144
-63
-144
-63
-144
-63
-145
-63
-145
-63
-145
-63
-145
-63
-145
-63
-146
-63
-146
-64
-147
-64
-147
-64
-147
-64
-147
-64
-148
-65
-148
-65
-148
-65
-148
-65
-148
-65
-148
-65
-148
-66
-148
-66
-148
-66
-148
-66
-149
-66
-149
-67
-149
-67
-149
-68
-149
-68
-149
-68
-149
-68
-149
-69
-149
-69
-149
-70
-149
-70
-148
-70
-148
-71
-148
-72
-147
-72
-146
-73
-146
-73
-146
-74
-145
-74
-145
-74
-144
-75
-144
-75
-143
-76
-143
-76
-143
-77
-142
-78
-141
-79
-141
-80
-140
-81
-140
-83
-140
-84
-140
-85
-140
-86
-140
-88
-140
-89
-140
-91
-140
-92
-140
-94
-140
-94
-140
-94
-140
-94
-140
-94
-140
-94
-140
-95
-140
-95
-140
-96
-140
-96
-140
-97
-140
-98
-140
-99
-140
-100
-140
-101
-140
-102
-140
-102
-140
-102
-140
-103
-140
-105
-140
-106
-140
-106
-139
-108
-139
-109
-139
-109
-139
-109
-139
-109
-139
-108
.0
.0
.1
.1
-162
-39
-162
-39
-162
-39
-162
-39
-162
-39
-162
-39
-162
-39
-163
-39
-163
-40
-163
-40
-164
-40
-164
-40
-164
-40
-164
-40
-164
-40
-164
-40
-165
-40
-165
-40
-165
-40
-166
-39
-166
-38
-167
-38
-167
-38
-167
-38
-167
-38
-167
-37
-167
-37
-167
-36
-167
-36
-168
-36
-168
-35
-168
-35
-168
-35
-168
-35
-168
-34
-168
-34
-168
-34
-168
-34
-168
-34
-169
-34
-169
-34
-169
-34
-169
-34
-169
-34
-170
-34
-170
-34
-171
-34
-171
-34
-171
-34
-172
-34
-172
-34
-172
-34
-172
-34
-172
-34
-172
-35
-172
-36
-172
-36
-172
-37
-172
-38
-171
-38
-171
-39
-171
-39
-170
-39
-170
-39
-170
-39
-170
-40
-169
-40
-169
-41
-169
-42
-169
-43
-169
-43
-169
-44
-169
-45
-169
-46
-170
-46
-170
-46
-170
-46
-171
-47
-171
-47
-171
-48
-171
-48
-172
-48
-172
-50
-172
-50
-172
-52
-172
-53
-172
-54
-172
-54
-172
-56
-172
-56
-172
-57
-171
-57
-171
-58
-171
-59
-171
-60
-170
-60
-169
-61
-169
-61
-168
-61
-167
-62
-166
-62
-165
-63
-165
-63
-164
-63
-163
-64
-163
-65
-162
-65
-161
-65
-161
-66
-160
-66
-159
-66
-158
-66
-158
-66
-157
-66
-157
-66
-157
-66
-156
-67
-156
-67
-156
-67
-155
-67
-155
-68
-155
-69
-155
-69
-154
-69
-154
-70
-154
-70
-154
-70
-154
-71
-154
-71
-154
-71
-154
-72
-154
-73
-154
-73
-155
-73
-155
-74
-155
-74
-156
-74
-156
-74
-156
-74
-157
-74
-158
-74
-159
-74
-159
-74
-160
-74
-160
-75
-160
-75
-161
-75
-161
-76
-161
-77
-162
-77
-162
-78
-163
-78
-163
-79
-163
-80
-163
-81
-163
-82
-163
-84
-163
-84
-163
-85
-163
-88
-163
-89
-163
-90
-163
-93
-163
-94
-163
-98
-163
-100
-163
-102
-163
-103
-163
-105
-163
-106
-163
-107
-164
-107
-164
-108
-164
-108
-164
-108
-164
-108
-164
-108
-164
-108
-164
-108
.0
.0
.1
.1
-154
-83
-154
-83
-154
-85
-154
-89
-154
-94
-154
-95
-154
-97
-153
-99
-153
-101
-152
-105
-152
-105
-152
-105
-152
-105
-152
-105
-152
-102
-152
-97
-152
-92
-152
-90
-152
-89
-152
-86
-152
-86
-152
-86
-152
-85
-152
-84
-152
-83
-152
-82
-152
-82
-152
-82
-152
-82
-151
-84
-151
-85
-151
-86
-151
-89
-151
-92
-151
-97
-151
-100
-151
-101
-151
-105
-151
-107
-152
-109
-152
-109
-152
-109
-152
-109
-154
-109
-155
-109
-156
-108
-157
-107
-158
-107
-158
-107
-157
-107
-155
-107
-153
-107
-152
-107
-151
-107
-150
-107
-150
-107
-150
-107
-149
-107
-149
-107
-149
-107
-149
-107
-149
-107
.0
.0
.1
.1
-156
-52
-156
-52
-157
-52
-158
-51
-160
-51
-161
-51
-161
-51
-161
-51
-160
-51
-160
-51
-159
-51
-158
-52
-157
-53
-154
-53
-151
-53
-149
-53
-148
-52
-148
-52
-146
-52
-145
-52
-143
-52
-141
-52
-140
-52
-140
-52
-140
-52
-139
-52
-138
-52
-136
-52
-136
-52
-136
-52
-139
-51
-142
-49
-144
-48
-145
-48
-147
-48
-149
-48
-150
-48
-151
-48
-152
-48
-153
-48
-154
-48
-156
-48
-157
-48
-157
-48
-157
-48
-157
-48
-157
-48
-157
-52
-157
-56
-157
-57
-157
-57
-157
-58
-156
-58
-154
-58
-153
-58
-152
-58
-152
-58
-150
-58
-149
-56
-148
-55
-150
-55
-155
-55
-157
-55
-160
-55
-161
-55
-162
-55
-163
-55
-163
-55
-164
-55
-164
-55
-164
-55
-161
-55
-155
-54
-148
-53
-145
-51
-144
-50
-144
-50
-143
-50
-142
-49
-142
-47
-141
-47
-140
-47
-140
-47
-140
-47
-140
-47
-140
-47
-140
-47
-140
-47
.0
.0
c
8
c
8
c
6
c
6
c
6
c
5
c
5
c
5
c
5
c
5
c
5
c
5
c
5
c
5
c
5
c
5
c
5
c
5
c
5
c
5
c
5
c
5
c
5
c
5
c
5
.1
.1
-167
-78
-168
-78
-169
-79
-170
-80
-171
-80
-173
-81
-174
-81
-175
-81
-175
-81
-176
-81
-176
-81
-176
-81
-176
-81
-177
-81
-177
-81
-177
-81
-177
-81
-177
-81
-177
-81
-177
-81
-177
-81
-178
-81
-178
-80
-179
-79
-180
-78
-182
-76
-182
-75
-182
-75
-183
-74
-183
-73
-184
-71
-185
-70
-186
-70
-186
-70
-186
-70
-186
-70
-186
-70
-186
-70
-186
-70
.0
.0
.1
.1
-87
-31
-87
-31
-87
-34
-83
-40
-80
-46
-77
-49
-77
-50
-77
-50
-77
-50
-77
-50
.0
.0
l
25
l
25
l
25
l
16
l
7
l
2
l
0
c
5
c
6
c
6
c
6
c
6
c
6
c
6
c
6
c
6
c
6
c
6
c
6
c
6
c
6
c
7
c
7
c
7
c
7
c
7
c
7
c
7
c
8
c
8
c
8
c
8
c
8
.1
.1
-78
-37
-78
-37
-78
-38
-77
-40
-74
-47
-72
-50
-72
-51
-71
-52
-71
-52
-71
-52
.0
.0
.1
.1
-57
-33
-58
-36
-60
-39
-63
-41
-70
-48
-75
-54
-75
-54
-75
-54
-75
-54
-75
-54
-75
-54
-75
-54
-74
-55
-73
-59
-73
-70
-73
-77
-73
-78
-73
-78
-73
-78
-73
-78
-73
-77
.0
.0
.1
.1
-55
-57
-55
-59
-56
-60
-56
-69
-56
-74
-56
-75
-56
-75
-56
-75
-56
-75
.0
.0
.1
.1
-53
-44
-53
-44
-53
-44
-53
-44
.0
.0
.1
.1
-43
-57
-43
-57
-42
-58
-42
-63
-41
-68
-40
-72
-40
-73
-40
-73
-40
-73
-40
-73
-40
-70
-38
-65
-36
-60
-36
-59
-36
-59
-36
-59
-35
-65
-35
-70
-35
-73
-35
-74
-35
-75
-34
-75
-33
-75
-30
-68
-28
-65
-25
-62
-25
-61
-25
-60
-25
-60
-25
-60
.0
.0
.1
.1
-19
-64
-19
-66
-15
-67
-12
-67
-10
-67
-8
-66
-7
-63
-7
-60
-7
-58
-10
-55
-12
-53
-18
-53
-21
-56
-23
-60
-24
-64
-24
-67
-24
-71
-20
-73
-15
-75
-10
-75
-7
-75
-7
-74
-7
-74
.0
.0
.1
.1
2
-53
2
-53
2
-53
2
-59
0
-66
0
-73
-1
-75
-1
-75
-1
-74
1
-66
2
-61
4
-58
5
-57
7
-57
10
-57
12
-57
13
-57
14
-58
14
-60
14
-65
14
-68
14
-70
14
-72
15
-73
17
-74
20
-74
24
-70
.0
.0
.1
.1
30
-34
30
-34
30
-34
29
-39
29
-45
28
-52
28
-53
28
-55
28
-57
28
-58
28
-63
28
-64
28
-65
28
-67
28
-69
28
-71
28
-73
28
-73
28
-73
28
-73
28
-73
.0
.0
.1
.1
30
-52
31
-52
32
-52
39
-52
41
-52
43
-52
45
-52
45
-52
46
-52
46
-52
46
-52
46
-52
46
-52
.0
.0
.1
.1
49
-36
49
-36
49
-42
49
-50
49
-57
48
-61
47
-65
47
-67
47
-68
47
-71
47
-73
47
-74
47
-75
47
-75
47
-75
47
-75
47
-75
47
-73
.0
.0
.1
.1
65
-58
65
-57
65
-56
64
-56
63
-54
61
-54
60
-56
59
-60
58
-64
58
-67
58
-68
58
-72
58
-73
59
-73
60
-73
62
-72
64
-69
65
-66
66
-64
67
-60
67
-59
67
-59
67
-59
67
-61
68
-66
69
-72
71
-76
72
-78
74
-79
74
-79
74
-77
.0
.0
.1
.1
82
-51
80
-51
79
-53
77
-59
77
-65
77
-68
77
-71
80
-72
81
-73
84
-73
86
-73
88
-72
90
-67
91
-65
91
-63
91
-60
90
-58
88
-57
85
-56
83
-55
83
-55
82
-55
82
-55
.0
.0
.1
.1
101
-65
101
-65
103
-65
106
-65
109
-65
113
-64
114
-64
114
-64
114
-63
.0
.0
.1
.1
135
-42
134
-48
134
-58
134
-73
134
-82
134
-82
134
-82
136
-76
.0
.0
.1
.1
156
-36
156
-38
155
-45
153
-52
152
-59
152
-64
152
-69
153
-71
154
-71
155
-72
156
-72
160
-72
161
-71
162
-67
163
-60
163
-57
163
-54
163
-53
162
-53
162
-53
160
-53
160
-53
160
-53
.0
.0
.1
.1
186
-35
186
-39
185
-51
183
-66
183
-75
183
-76
183
-76
183
-71
184
-66
.0
.0
.1
.1
206
-30
206
-35
202
-45
200
-56
199
-63
199
-69
199
-71
199
-73
200
-73
201
-74
204
-74
207
-73
208
-68
209
-62
209
-60
208
-59
207
-59
204
-58
203
-58
202
-57
202
-57
.0
.0
l
23
l
23
l
21
l
16
l
11
l
7
l
4
l
0
l
0
l
5
l
16
l
38
l
48
l
55
l
70
l
79
l
86
l
91
l
95
l
95
l
95
l
95
l
95
l
95
l
95
l
95
l
96
l
100
l
100
l
102
l
102
l
102
l
102
b
82
b
82
b
84
b
96
y
39
y
37
y
35
y
24
y
18
y
18
y
18
y
14
y
10
y
10
y
6
y
2
y
2
y
2
y
2
y
2
y
2
y
2
y
2
y
2
y
2
y
2
y
2
y
2
y
18
y
14
y
12
y
10
y
6
y
6
y
6
y
6
y
6
y
4
y
2
y
2
y
2
y
2
y
2
y
0
y
0
y
0
y
0
l
38
l
36
l
29
l
23
l
20
l
13
l
9
l
5
l
2
.1
.1
-157
153
-157
151
-157
147
-157
141
-157
135
-158
130
-158
125
-158
122
-159
116
-160
112
-161
109
-162
106
-162
102
-163
99
-163
97
-163
97
-163
96
-163
95
-163
94
-164
94
-164
92
-164
91
-164
91
-164
91
-164
90
-164
90
-164
90
-164
90
-164
90
.0
.0
b
0
l
100
t
0
c
20
.1
.1
-128
141
-133
142
-135
142
-140
143
-148
144
-150
144
-155
146
-157
146
-161
147
-163
147
-163
147
-163
147
-155
146
-146
146
-144
146
-144
147
-144
150
-148
152
-154
153
-155
153
-154
150
-149
146
-142
143
-140
142
-140
142
-148
137
-153
135
-155
134
-159
133
-160
132
-160
131
-158
127
-157
122
-157
113
-157
111
-157
108
-157
106
-158
106
-159
105
-160
103
-160
102
-161
100
-161
99
-161
97
-161
96
-161
96
-161
96
-161
95
-161
95
-161
94
-161
94
-161
94
-161
94
-161
93
-161
93
-161
93
-162
93
-162
93
-162
93
-163
95
-163
102
-163
116
-163
127
-162
137
-162
144
-162
148
-162
149
-162
153
-163
154
-163
159
-163
160
-163
160
-163
160
-163
160
.0
.0
b
96
l
2
t
0
c
8
l
34
l
36
l
43
l
52
l
66
l
77
l
84
l
89
l
95
y
65
y
67
y
71
y
76
y
78
y
78
y
82
y
84
y
88
y
88
y
88
y
88
y
88
y
88
y
88
y
88
y
88
y
88
y
88
y
88
y
88
y
88
y
88
y
88
y
88
y
88
y
88
y
88
y
88
y
88
y
88
y
88
y
88
y
88
y
88
y
88
y
88
y
88
y
88
y
86
y
86
y
86
y
86
y
86
y
86
y
84
y
84
y
84
y
84
y
84
y
84
y
84
y
84
y
84
y
84
y
84
y
84
y
84
y
84
y
84
y
84
y
84
y
84
y
84
y
84
y
84
y
84
y
84
y
84
y
84
y
84
y
84
y
84
y
84
y
84
y
84
y
84
y
84
y
84
y
84
y
84
y
84
y
84
b
68
b
68
b
68
b
68
b
68
b
68
b
68
b
67
b
65
b
65
b
65
b
65
b
65
b
65
b
65
b
65
b
65
b
65
b
65
b
65
b
65
b
65
b
65
b
65
b
65
b
65
b
65
b
65
b
65
b
65
b
65
b
65
b
65
b
65
b
65
b
65
b
65
b
65
b
65
b
65
b
65
b
65
b
65
b
65
b
65
b
65
b
65
b
65
b
65
l
93
l
95
l
95
l
98
l
98
l
98
l
98
l
100
l
100
l
100
l
102
l
102
l
102
l
102
l
102
l
102
l
102
l
102
l
102
l
102
l
102
l
102
l
100
l
100
l
98
l
98
l
98
l
98
l
95
l
95
l
95
l
95
l
95
l
95
l
95
l
95
l
95
l
95
.1
.1
-127
155
-127
155
-127
152
-127
149
-127
146
-127
145
-127
145
-127
144
-127
144
-127
144
-127
144
.0
.0
.1
.1
-147
144
-146
144
-145
144
-141
144
-135
145
-131
146
-129
146
-127
146
-124
146
-121
146
-119
147
-116
147
-115
147
-114
147
-111
147
-111
147
-111
147
-110
147
-110
147
-109
147
-108
147
-107
147
-107
147
-107
147
-107
147
-107
147
-107
147
-107
147
-107
147
-107
147
-107
147
-107
147
-107
147
-107
147
-107
147
-107
147
-107
147
-107
147
-107
147
-107
147
-107
147
-107
147
-107
147
-107
147
-107
147
-107
147
.0
.0
.1
.1
-146
144
-146
143
-146
142
-146
139
-146
135
-146
133
-146
132
-146
132
-146
132
-146
132
-146
131
-146
131
-146
131
-146
131
-146
131
-145
131
-142
131
-139
131
-136
131
-133
131
-130
131
-125
132
-121
132
-119
132
-117
132
-115
132
-113
132
-112
132
-111
132
-111
132
-111
132
.0
.0
.1
.1
-106
146
-106
145
-106
145
-106
145
-106
144
-106
141
-106
139
-106
138
-106
138
-106
138
-106
138
-106
138
-106
137
-106
137
-106
137
-106
137
-106
137
-106
137
-106
137
-106
137
-106
137
-106
137
-106
137
-106
137
-106
137
-106
137
-106
137
-107
137
-107
137
-107
137
-107
137
-107
137
-107
137
-107
137
.0
.0
.1
.1
-136
133
-136
133
-136
132
-136
132
-136
130
-136
128
-136
127
-136
126
-136
125
-136
123
-136
121
-136
121
-136
120
-136
120
-136
119
-136
119
-136
119
-136
119
.0
.0
.1
.1
-133
120
-139
122
-143
124
-146
126
-146
126
-146
126
-144
126
-142
126
-132
127
-117
128
-112
130
-104
133
-101
133
-101
133
-104
133
-115
132
-121
131
-122
131
-122
131
-122
131
-122
131
.0
.0
b
0
l
100
t
0
c
20
.1
.1
-115
112
-127
116
-142
125
-155
133
-158
134
-158
134
-150
136
-133
136
-102
132
-96
131
-96
130
-98
130
-115
127
-141
125
-143
125
-140
125
-118
130
-87
133
-78
135
-84
138
-117
139
-164
139
-175
140
-170
140
-120
146
-81
147
-77
147
-84
147
-116
147
-148
147
-162
150
-160
152
-138
154
-112
154
-106
154
-108
154
-124
154
-147
154
-155
154
-154
154
-148
155
-125
155
-85
154
-65
147
.0
.0
b
65
l
95
t
0
c
8
.1
.1
-133
158
-133
158
-133
158
-133
157
-132
156
-132
155
-132
153
-132
151
-132
151
-132
150
-132
150
-132
150
-132
150
.0
.0
.1
.1
-149
149
-149
149
-149
149
-147
149
-143
148
-140
148
-139
148
-137
148
-135
148
-133
148
-131
148
-130
148
-128
148
-126
148
-125
148
-124
148
-123
148
-122
148
-119
147
-118
147
-116
147
-115
147
-115
147
-114
147
-114
147
-114
147
.0
.0
.1
.1
-152
146
-152
146
-150
146
-150
144
-150
142
-150
141
-150
140
-150
138
-150
138
-150
138
-150
137
-150
137
-150
137
-150
137
-148
137
-148
136
-147
136
-147
136
-144
136
-141
136
-139
136
-138
136
-135
135
-132
135
-130
135
-126
135
-123
135
-122
135
-121
135
-120
135
-119
135
-118
135
-117
135
-117
135
-117
135
-117
135
-117
135
-117
138
-116
140
-116
141
-116
141
-116
143
-116
145
-116
145
-116
145
-116
145
-116
145
-116
145
.0
.0
.1
.1
-134
154
-134
154
-134
154
-134
154
-134
154
-134
155
-134
155
-134
155
-134
156
-134
156
-134
156
-134
157
-134
157
-134
157
-134
157
-134
157
.0
.0
.1
.1
-141
135
-141
135
-141
135
-141
134
-142
134
-142
133
-142
133
-142
133
-142
133
-142
133
-142
133
-142
133
-142
132
-142
132
-142
131
-142
130
-142
130
-142
129
-142
128
-142
128
-141
127
-141
126
-141
126
-141
126
-141
126
-141
126
-142
126
-143
126
-145
126
-146
126
-146
127
-146
127
-147
127
-147
128
-147
128
-148
128
-148
128
-148
128
-148
129
-148
130
-149
132
-149
133
-149
134
-149
134
-149
134
-149
134
-149
134
-149
134
-149
134
-149
132
-149
130
-149
129
-149
129
-149
129
-149
129
-149
129
-149
129
-149
129
-149
129
-149
129
-149
129
-149
129
.0
.0
.1
.1
-125
133
-125
133
-125
132
-125
131
-125
130
-125
129
-125
128
-125
128
-125
128
-125
128
-124
127
-124
127
-123
127
-122
126
-121
126
-121
126
-120
126
-120
126
-119
126
-118
126
-117
126
-117
126
-117
126
-117
126
-116
126
-116
127
-116
127
-116
130
-116
131
-116
131
-116
132
-116
132
-116
133
-116
133
-116
133
-116
133
-116
133
-116
133
-117
132
-118
131
-118
130
-119
130
-119
130
-119
130
-119
130
-119
130
-119
130
-119
130
-119
130
-119
130
-119
130
-119
130
-120
130
-121
130
-121
131
-121
131
-121
131
-121
131
-121
131
-121
131
-121
131
.0
.0
c
11
c
11
c
11
c
9
c
7
c
5
c
4
c
4
c
4
c
4
c
3
c
2
l
70
l
66
l
50
l
38
l
16
l
11
l
5
l
2
l
2
l
0
l
21
l
23
l
25
l
27
l
32
l
38
l
39
l
39
l
39
l
39
l
39
b
68
b
61
b
49
b
30
b
23
b
19
b
18
b
14
b
11
b
9
b
4
b
7
b
9
b
9
b
12
b
12
b
12
b
11
b
11
b
9
b
7
b
7
b
4
b
4
b
4
b
4
b
4
b
4
b
4
b
4
b
4
b
2
b
2
b
2
b
2
b
2
b
2
b
2
b
2
l
39
l
38
l
36
l
34
l
32
l
32
l
32
l
30
l
29
l
29
l
27
l
27
l
27
l
27
l
27
l
27
l
27
l
27
l
27
l
27
l
27
l
27
l
27
l
27
l
27
l
27
l
27
l
27
l
27
l
30
l
32
l
34
l
38
l
38
l
38
l
39
l
39
l
39
l
39
l
39
l
39
.1
.1
-135
170
-136
170
-138
170
-139
169
-140
169
-141
169
-142
168
-143
168
-144
167
-146
166
-147
164
-148
164
-149
163
-149
162
-150
162
-152
161
-154
160
-154
159
-155
158
-155
157
-157
156
-157
156
-157
155
-158
155
-158
153
-159
152
-160
150
-161
150
-161
147
-161
145
-162
142
-162
141
-162
139
-162
138
-162
135
-162
132
-162
128
-161
126
-160
124
-159
123
-158
121
-156
118
-155
116
-155
116
-154
116
-151
115
-148
115
-144
114
-142
114
-138
114
-134
113
-131
113
-128
113
-126
113
-123
113
-119
113
-117
114
-114
115
-112
116
-109
119
-107
120
-105
124
-104
126
-103
127
-103
130
-102
132
-102
134
-102
137
-102
139
-102
142
-102
144
-103
146
-103
147
-105
149
-106
152
-107
153
-109
156
-110
157
-112
160
-114
161
-116
162
-119
163
-120
164
-123
164
-124
165
-127
166
-128
166
-131
167
-133
167
-133
167
-134
167
-135
168
-135
168
-135
168
-135
168
.0
.0
b
79
b
84
b
91
b
95
b
98
b
98
b
98
b
100
y
65
y
65
y
57
y
35
y
14
y
0
y
2
y
2
y
4
y
6
y
6
y
6
y
6
y
6
y
6
y
6
y
6
y
4
y
2
y
0
l
48
l
50
l
54
l
61
l
70
l
75
l
82
l
91
l
93
l
98
l
100
l
102
l
100
l
100
l
100
l
100
l
100
l
100
l
100
l
100
l
100
l
100
l
100
l
100
l
100
l
98
l
98
l
95
l
93
l
93
l
91
l
91
l
91
l
91
l
91
l
91
l
91
l
91
l
91
l
91
l
91
l
91
l
91
l
91
l
91
l
91
l
91
l
91
b
96
b
96
b
96
b
96
b
95
b
95
b
95
b
95
b
93
b
93
b
93
b
93
b
93
b
93
b
93
b
93
b
93
b
93
b
93
b
93
b
93
b
93
b
93
.1
.1
-56
138
-56
138
-56
138
-56
138
-57
138
-59
140
-60
141
-62
142
-63
142
-63
142
-64
142
-65
142
-67
141
-67
140
-68
138
-68
137
-68
135
-68
133
-66
131
-65
129
-64
127
-64
126
-62
124
-61
124
-59
122
-58
122
-56
122
-55
122
-54
122
-53
122
-52
122
-50
123
-49
124
-47
124
-45
126
-44
127
-43
128
-42
131
-40
134
-38
137
-38
140
-38
140
-38
141
-39
142
-40
142
-41
142
-43
142
-44
142
-45
142
-47
142
-48
141
-48
141
-50
139
-51
138
-52
137
-53
134
-54
133
-55
132
-55
132
-55
132
-55
132
-55
132
-55
132
.0
.0
.1
.1
-57
137
-57
137
-56
137
-55
137
-54
136
-54
135
-54
134
-54
134
-54
134
-54
134
-54
134
-54
134
-54
134
-54
134
-54
134
-54
134
-54
134
-54
135
-56
135
-57
136
-58
136
-58
136
-59
137
-59
137
-59
138
-60
139
-61
140
-62
140
-62
141
-62
141
-63
141
-64
141
-66
141
-66
140
-66
140
-66
137
-66
135
-66
134
-66
134
-66
134
-65
134
-65
134
-65
134
-64
135
-64
135
-64
135
-64
135
-64
135
.0
.0
c
10
c
9
c
9
c
9
c
9
c
9
c
9
c
9
c
9
c
9
c
9
c
9
c
9
.1
.1
-60
133
-60
133
-60
132
-60
132
-60
132
-60
132
-60
132
-60
131
-60
131
-60
131
-60
132
-60
132
-61
134
-61
134
-61
135
-61
135
-61
136
-61
136
-62
137
-62
137
-62
137
-62
137
-62
137
-62
137
-62
137
-62
134
-62
133
-62
132
-61
132
-60
131
-60
131
-60
130
-59
130
-59
129
-58
128
-58
128
-58
128
-58
128
-57
128
-56
128
-56
128
-54
128
-54
128
-53
128
-52
128
-51
129
-51
130
-51
131
-50
131
-50
132
-49
132
-49
133
-49
133
-49
133
-47
135
-47
135
-46
135
-46
135
-46
136
-46
136
-46
136
-45
137
-45
137
-45
137
-45
137
-45
137
-45
138
-45
138
-45
138
-45
138
-45
138
-45
138
-45
138
-45
138
-45
138
-45
138
-45
138
-45
139
-45
139
-45
139
-45
139
-44
139
-44
139
-44
139
-44
139
-44
139
-44
139
-43
139
-43
139
-43
139
-43
139
-43
139
-43
139
-43
138
-43
137
-44
136
-44
134
-45
133
-45
132
-45
132
-45
132
-45
131
-45
131
-45
131
-46
130
-46
129
-46
128
-46
128
-46
128
-47
127
-48
127
-48
127
-48
127
-49
126
-49
126
-49
125
-50
124
-50
124
-50
124
-50
124
-51
123
-51
123
-51
123
-51
123
-52
123
-52
123
-53
123
-53
123
-53
123
-53
123
-53
123
-53
123
-54
123
-54
123
-54
123
-54
124
-54
124
-54
126
-54
126
-54
126
-55
126
-55
126
-56
127
-56
127
-56
127
-57
127
-57
127
-57
127
-57
127
-57
127
-57
127
.0
.0
y
35
y
27
y
24
y
22
y
22
y
22
y
22
y
22
y
20
y
20
y
18
y
18
y
18
y
18
y
18
y
18
y
18
y
18
y
18
y
18
y
18
y
18
y
18
y
18
y
18
y
18
y
18
y
18
y
18
y
18
y
16
y
14
y
14
y
14
y
14
y
12
y
12
y
12
y
12
y
12
y
12
y
12
y
12
y
12
y
12
y
12
y
12
y
12
y
12
y
12
y
12
y
14
y
14
y
14
y
14
y
14
y
14
y
14
y
14
y
14
y
14
y
14
y
14
y
14
y
14
y
14
y
14
y
14
y
14
y
14
y
14
y
14
y
14
y
14
y
14
y
14
y
14
y
14
y
14
y
14
y
14
y
14
y
14
y
14
y
14
y
14
y
14
y
14
y
14
y
18
y
18
y
18
y
18
y
18
y
18
y
18
y
18
y
18
y
18
y
18
y
18
y
18
y
18
y
18
y
18
y
18
y
18
y
18
y
18
y
18
y
18
y
18
y
18
y
18
y
18
y
18
y
18
y
18
y
18
y
18
y
18
y
18
y
18
y
18
y
18
y
18
y
18
y
18
y
18
y
18
y
18
y
18
y
18
y
18
y
18
y
18
y
18
y
18
y
18
y
18
y
18
y
18
y
18
y
18
y
18
y
18
y
18
y
18
y
18
y
18
y
18
y
18
y
18
y
18
y
18
y
18
y
18
y
18
y
18
y
18
y
18
y
18
y
18
y
18
y
18
y
18
y
18
y
18
y
18
y
18
y
18
y
18
y
18
y
18
y
18
y
18
y
18
y
18
y
18
y
18
y
18
y
18
y
18
y
18
y
18
y
20
y
22
y
31
y
39
y
41
y
47
y
49
y
49
y
51
y
51
y
55
y
55
y
57
y
59
y
59
y
59
y
59
y
59
y
59
y
59
y
59
y
59
y
59
y
59
y
59
y
57
y
57
y
57
y
55
y
53
y
53
y
51
y
51
y
51
y
51
y
51
y
51
y
51
y
51
y
51
y
51
y
51
y
51
y
51
y
51
y
51
y
51
y
51
y
51
y
51
y
51
y
51
y
51
y
51
y
51
y
51
y
51
y
51
y
51
y
51
y
51
y
51
y
53
y
53
y
55
y
55
y
55
y
55
y
55
y
55
y
55
y
55
y
55
y
55
y
55
y
55
y
55
y
55
y
55
y
55
y
55
y
55
y
57
y
57
y
57
y
57
y
57
y
57
y
57
y
57
y
57
y
57
y
57
y
57
y
57
y
57
y
57
y
57
c
15
c
18
c
20
c
22
c
23
c
24
c
25
c
25
c
26
c
26
c
27
c
27
c
28
c
30
c
31
c
31
c
31
c
31
c
31
c
31
c
31
c
31
c
31
c
31
c
31
c
31
c
31
t
18
t
18
t
18
t
22
t
26
t
30
t
34
t
34
t
36
t
36
t
38
t
38
t
38
t
38
t
38
t
38
t
38
t
38
t
38
t
38
t
40
t
40
t
40
t
42
t
42
t
44
t
44
t
44
t
44
t
44
t
44
t
44
t
44
t
44
t
44
t
44
c
35
c
36
c
39
c
40
c
40
c
41
c
43
c
44
c
45
c
45
c
45
c
46
c
46
c
47
c
47
c
47
c
47
c
46
c
44
c
43
c
42
c
41
c
40
c
39
c
38
c
38
c
37
c
37
c
37
c
37
c
37
c
37
c
37
c
37
c
37
c
37
c
37
c
37
c
37
c
37
c
37
c
37
c
37
c
39
c
39
c
40
c
40
c
40
c
40
c
40
c
40
c
41
c
41
c
41
c
41
c
41
c
41
c
41
c
41
c
41
c
41
c
41
c
40
c
40
c
40
c
39
c
39
c
39
c
39
c
39
c
39
c
39
c
39
c
39
c
38
c
38
c
37
c
37
c
37
c
37
c
37
c
37
c
37
c
37
.1
.1
29
133
29
133
29
133
.0
.0
t
66
t
66
t
68
t
68
t
68
t
70
t
72
t
74
t
74
t
74
t
74
t
74
t
76
t
78
t
78
t
78
t
78
t
78
t
78
c
26
c
26
c
26
c
26
c
26
c
26
c
27
c
27
c
28
c
28
c
28
c
28
c
28
c
28
c
28
c
29
c
29
c
30
c
30
c
30
.1
.1
71
134
71
134
71
134
.0
.0
t
76
t
78
t
80
t
82
t
82
t
84
t
88
t
90
t
90
t
92
t
94
t
94
t
94
t
94
t
96
t
96
t
96
t
96
t
96
t
96
t
96
t
96
t
96
t
96
t
96
t
96
t
96
c
25
c
25
c
24
c
22
c
21
c
21
c
21
c
21
c
21
c
21
c
21
c
20
c
19
c
19
c
19
c
19
c
19
c
19
c
19
c
19
.1
.1
106
134
106
134
106
134
106
134
.0
.0
c
11
c
11
c
11
c
11
c
11
c
11
c
11
c
11
c
11
c
11
c
11
c
11
c
11
c
11
c
11
t
98
t
100
.1
.1
132
135
132
135
132
135
.0
.0
.1
.1
130
135
130
135
130
135
.0
.0
.1
.1
130
135
130
135
130
135
.0
.0
.1
.1
132
134
132
134
132
134
.0
.0
.1
.1
132
134
132
134
132
134
.0
.0
.1
.1
132
134
132
134
132
134
.0
.0
t
100
t
98
t
98
t
96
t
96
t
96
t
96
t
96
t
96
t
92
t
92
t
92
t
92
t
92
t
92
t
92
t
92
t
92
t
94
t
94
t
96
t
96
t
96
t
96
t
96
t
96
t
96
t
96
t
96
.1
.1
130
134
130
134
130
134
130
134
.0
.0
b
47
b
47
b
46
b
35
b
25
b
21
b
18
b
16
b
12
b
11
b
5
b
0
b
0
b
0
b
0
b
0
b
0
b
0
l
59
l
61
l
63
l
68
l
73
l
77
l
80
l
86
l
89
l
91
l
95
l
96
l
98
l
100
l
102
l
102
l
102
.1
.1
1
103
1
103
1
103
3
106
7
111
14
116
19
120
24
122
27
124
34
127
38
130
42
131
47
133
52
135
57
137
59
137
64
137
68
137
72
137
76
137
79
137
82
137
84
137
86
137
89
137
94
137
97
135
110
133
112
132
119
130
125
128
131
126
136
123
139
121
146
117
153
113
156
110
159
107
161
105
161
105
161
105
162
105
162
105
162
105
162
105
162
105
162
105
162
105
.0
.0
.1
.1
2
110
3
109
5
109
6
109
8
111
12
113
15
116
16
117
17
118
18
119
18
119
20
120
22
122
23
122
25
124
27
125
29
126
30
127
32
128
34
129
37
131
39
132
40
133
45
134
48
136
51
137
53
138
57
138
60
138
62
138
64
138
67
138
71
138
74
138
77
137
82
136
84
135
89
135
90
135
94
134
99
134
102
133
106
133
110
132
115
130
118
130
123
128
125
126
127
126
129
125
132
124
134
124
136
123
138
123
140
122
140
121
141
120
143
120
143
119
144
119
145
118
145
118
145
118
145
118
145
118
144
119
143
119
141
120
138
122
134
125
132
127
130
128
128
130
127
130
126
132
125
132
124
132
121
133
120
133
119
133
117
134
113
135
110
137
106
137
103
138
101
138
97
138
94
138
91
138
89
138
86
138
83
138
80
138
77
138
74
138
72
138
69
138
65
138
62
138
59
138
55
138
52
138
50
138
46
137
43
135
41
134
38
133
36
131
33
128
31
127
28
125
26
124
23
122
20
119
17
118
15
116
13
115
11
113
9
112
8
111
8
111
8
110
8
110
8
110
11
112
15
116
18
120
22
124
23
125
26
126
28
128
32
129
37
132
44
136
49
138
54
140
60
141
64
142
67
144
71
144
73
144
77
144
81
144
84
143
88
141
93
140
96
139
101
138
104
137
108
135
110
134
113
133
118
131
125
127
129
125
133
121
136
119
141
116
142
115
143
113
144
113
146
112
146
112
146
112
146
112
146
111
146
111
146
111
147
110
147
110
147
110
147
110
147
110
147
110
147
110
147
110
.0
.0
t
74
t
74
t
74
t
74
t
74
t
74
t
74
t
74
t
74
t
74
t
74
c
9
c
9
c
6
c
5
c
5
c
4
c
4
c
4
c
3
c
3
c
2
c
2
c
2
c
2
c
2
c
2
.1
.1
19
141
19
141
19
141
20
141
22
141
22
141
23
141
24
141
24
141
24
141
24
141
24
141
24
141
24
141
.0
.0
.1
.1
31
141
31
141
31
141
31
141
33
141
35
141
36
141
38
141
38
141
38
141
38
141
38
141
.0
.0
.1
.1
21
135
21
134
21
134
21
133
21
133
22
132
23
131
23
130
23
130
23
130
24
130
25
129
26
129
28
129
29
129
30
129
30
129
31
130
32
130
32
131
32
132
34
134
34
134
34
134
34
134
34
134
34
134
34
134
34
134
34
134
34
134
34
134
34
134
.0
.0
.1
.1
65
141
67
141
69
139
71
136
71
135
71
135
71
135
71
135
.0
.0
.1
.1
82
139
81
139
80
139
77
137
75
135
74
133
73
132
73
130
73
130
73
129
73
129
73
129
73
129
.0
.0
.1
.1
66
125
66
125
66
125
68
125
71
126
74
127
74
127
74
127
74
127
75
127
75
126
75
124
75
124
76
122
76
120
76
120
77
120
77
120
77
120
.0
.0
.1
.1
59
141
59
141
60
141
61
141
63
141
64
141
64
141
64
141
64
141
64
141
65
141
65
141
65
141
65
141
65
141
.0
.0
.1
.1
65
126
65
126
65
126
64
126
61
125
60
125
59
125
59
125
59
125
59
125
59
125
.0
.0
.1
.1
72
146
73
144
74
142
74
139
74
138
74
135
74
133
73
132
72
130
72
129
72
128
72
127
72
125
71
123
71
123
71
122
70
122
70
122
69
121
68
120
67
118
67
118
67
118
67
118
67
118
67
118
.0
.0
b
100
l
100
t
0
c
2
l
61
l
61
l
61
l
59
l
55
l
50
l
45
l
43
l
43
l
39
l
38
l
36
l
36
l
34
l
32
l
30
l
30
l
29
l
29
l
27
l
25
l
21
l
21
l
20
l
20
l
18
l
18
l
18
l
16
l
13
l
13
l
11
l
11
l
9
l
7
l
7
l
7
l
7
l
5
l
5
l
4
l
4
l
4
l
4
l
4
l
2
l
2
l
2
l
2
l
2
l
2
l
2
l
2
l
2
l
2
l
2
l
2
l
2
l
2
l
2
l
2
l
2
l
2
l
2
l
2
l
2
l
2
l
2
l
2
l
2
l
2
l
2
l
2
l
2
l
2
c
1
c
2
c
2
c
2
c
3
c
4
c
4
c
4
c
5
c
5
c
5
c
5
c
5
c
5
c
5
c
5
c
5
c
5
c
5
c
5
c
5
c
5
c
5
c
5
c
5
c
5
c
5
c
5
c
5
c
5
c
6
c
6
c
6
c
6
c
6
c
6
c
6
c
6
c
6
c
6
c
7
c
7
c
7
c
7
c
7
c
7
c
7
c
7
c
7
c
7
c
7
c
7
c
8
c
8
c
8
c
8
c
8
c
8
c
8
c
8
c
8
c
8
c
8
c
8
c
8
c
8
c
8
c
8
c
8
c
8
c
8
c
8
c
8
c
8
c
8
c
8
c
8
c
8
c
8
c
8
c
8
c
8
c
8
c
8
c
8
c
8
c
8
c
8
c
8
c
8
c
8
c
8
c
8
c
8
c
8
c
8
c
8
c
8
c
8
c
8
c
8
c
8
.1
.1
2
-60
2
-60
2
-60
2
-60
2
-60
2
-60
3
-61
3
-63
3
-63
3
-64
3
-64
3
-65
3
-66
3
-66
3
-67
3
-67
3
-68
3
-68
3
-69
3
-69
3
-70
3
-71
3
-71
3
-72
3
-72
2
-73
2
-73
2
-73
2
-73
2
-74
1
-74
1
-74
1
-74
1
-75
1
-75
1
-76
1
-76
1
-76
1
-76
1
-76
1
-76
1
-76
1
-76
1
-76
1
-75
1
-74
1
-73
1
-72
1
-71
1
-70
1
-69
1
-68
1
-67
1
-66
1
-65
1
-65
1
-65
1
-64
1
-64
2
-63
2
-63
2
-62
2
-61
3
-61
3
-60
3
-60
4
-60
5
-59
5
-59
5
-59
5
-59
5
-59
6
-59
6
-58
7
-58
7
-57
8
-57
8
-57
8
-57
9
-56
10
-56
10
-56
10
-56
10
-56
10
-56
11
-56
11
-56
12
-56
13
-56
13
-56
13
-56
14
-56
14
-56
14
-57
15
-57
15
-57
15
-59
15
-60
15
-60
15
-61
15
-62
15
-63
15
-63
15
-64
15
-64
15
-65
15
-65
15
-66
15
-67
15
-68
15
-69
15
-69
15
-70
15
-71
15
-72
15
-72
15
-72
15
-72
15
-72
15
-72
15
-73
15
-73
15
-74
15
-74
15
-75
15
-75
15
-75
15
-75
15
-75
15
-75
15
-76
15
-76
16
-76
16
-76
16
-76
16
-76
16
-76
16
-76
16
-76
16
-76
16
-76
16
-76
16
-76
16
-76
16
-76
16
-76
16
-76
17
-76
17
-76
17
-76
17
-76
17
-76
17
-76
17
-76
17
-76
17
-76
17
-76
17
-76
17
-76
.0
.0
b
100
l
2
t
0
c
8
b
100
l
2
t
0
c
8
b
100
l
2
t
0
c
8